第1幅图像的平均误差：0.0442958像素
第2幅图像的平均误差：0.0340275像素
第3幅图像的平均误差：0.0392397像素
第4幅图像的平均误差：0.0318449像素
第5幅图像的平均误差：0.0269898像素
第6幅图像的平均误差：0.0275704像素
第7幅图像的平均误差：0.02528像素
第8幅图像的平均误差：0.0272897像素
第9幅图像的平均误差：0.0267758像素
第10幅图像的平均误差：0.0163822像素
总体平均误差：0.0299696像素

相机内参数矩阵：
[238.3200054203539, 0, 362.2508395603811;
 0, 245.1328307702383, 296.4518544632508;
 0, 0, 1]
畸变系数：
[-0.0178037, -0.0287746, 0.0702384, -0.0476385]
第1幅图像的旋转向量：
[-2.14487, -2.08209, -0.0200778]
第1幅图像的旋转矩阵：
[0.03526477808136641, 0.9947492268841546, -0.09607482001153661;
 0.992711500653329, -0.0237818399997668, 0.1181452519437037;
 0.1152400620335121, -0.0995409448398128, -0.9883376591038661]
第1幅图像的平移向量：
[-64.6683, -18.2425, 112.198]
第2幅图像的旋转向量：
[-1.6435, -2.45935, -0.233549]
第2幅图像的旋转矩阵：
[-0.3758772947758746, 0.9248955328615446, -0.05731066711119184;
 0.8975754824653367, 0.378754687841647, 0.2256172416175124;
 0.230379062740277, 0.03336374875124712, -0.9725288415878345]
第2幅图像的平移向量：
[-31.7694, -53.5927, 100.467]
第3幅图像的旋转向量：
[-1.1522, -2.68097, -0.319676]
第3幅图像的旋转矩阵：
[-0.6739892109715289, 0.7316269746328399, -0.102276651702986;
 0.6870655462686752, 0.6716768159865845, 0.2771122335745062;
 0.2714396408494953, 0.1164998920845964, -0.9553786142256767]
第3幅图像的平移向量：
[7.75396, -81.8726, 93.3486]
第4幅图像的旋转向量：
[-0.813979, -2.77843, -0.354468]
第4幅图像的旋转矩阵：
[-0.8210534338134333, 0.5520427307597753, -0.1453274999387955;
 0.4978726915621545, 0.8170413246365739, 0.2908027799605247;
 0.279274133818057, 0.1664100274965542, -0.9456815853810257]
第4幅图像的平移向量：
[33.7867, -86.5232, 92.8899]
第5幅图像的旋转向量：
[-0.246009, -2.90812, -0.468721]
第5幅图像的旋转矩阵：
[-0.9690749195790972, 0.1916303986807752, -0.1554721535973993;
 0.1330780786710536, 0.9364083818446513, 0.3246991952381524;
 0.2078076640068577, 0.2939679110252172, -0.9329516826007031]
第5幅图像的平移向量：
[71.7977, -85.5041, 86.9886]
第6幅图像的旋转向量：
[0.268798, -3.04281, -0.538697]
第6幅图像的旋转矩阵：
[-0.9841949316551092, -0.1630450829283878, -0.06911322187013158;
 -0.1768628865518236, 0.9246861720683268, 0.33715723712562;
 0.008936210883348107, 0.3440520078687231, -0.9389080679260076]
第6幅图像的平移向量：
[67.264, -48.2052, 108.035]
第7幅图像的旋转向量：
[-0.652105, 2.99326, 0.532974]
第7幅图像的旋转矩阵：
[-0.9115471337653525, -0.4091490504074357, -0.0409741073711718;
 -0.3981456240214009, 0.8533199981590902, 0.3366378511314206;
 -0.1027710318950818, 0.3231749298637889, -0.9407423024988061]
第7幅图像的平移向量：
[78.4635, -37.4918, 107.934]
第8幅图像的旋转向量：
[-2.62466, -0.945797, -0.112353]
第8幅图像的旋转矩阵：
[0.7743100087741727, 0.6313699150319476, -0.04261502909410934;
 0.6038150364552981, -0.7170085447277644, 0.3482903221995417;
 0.1893446911392757, -0.2954162777842898, -0.936417540821106]
第8幅图像的平移向量：
[-49.8881, 7.81403, 130.121]
第9幅图像的旋转向量：
[-1.29063, 2.69643, 0.591204]
第9幅图像的旋转矩阵：
[-0.6375928066508565, -0.7661397974682974, -0.08065496663144664;
 -0.7296037536857846, 0.5669236592206287, 0.3824603603296757;
 -0.2472928941856123, 0.3027001409830011, -0.920444919120191]
第9幅图像的平移向量：
[92.6594, -14.6909, 114.694]
第10幅图像的旋转向量：
[-2.18823, -1.56774, -0.199139]
第10幅图像的旋转矩阵：
[0.3474285125265493, 0.9279711006634641, -0.1347704159562762;
 0.8648072061008194, -0.2615321505150602, 0.4286133811759292;
 0.3624940343780619, -0.2654629363591206, -0.8933798209383901]
第10幅图像的平移向量：
[-37.1827, -30.0558, 126.238]

