第1幅图像的平均误差：0.0246699像素
第2幅图像的平均误差：0.0236226像素
第3幅图像的平均误差：0.0437085像素
第4幅图像的平均误差：0.0270802像素
第5幅图像的平均误差：0.0335436像素
第6幅图像的平均误差：0.035077像素
第7幅图像的平均误差：0.0336574像素
第8幅图像的平均误差：0.0399624像素
第9幅图像的平均误差：0.0498203像素
第10幅图像的平均误差：0.0483966像素
第11幅图像的平均误差：0.0447674像素
第12幅图像的平均误差：0.0377487像素
第13幅图像的平均误差：0.0496067像素
第14幅图像的平均误差：0.0285264像素
总体平均误差：0.0371563像素

相机内参数矩阵：
[323.5998010545679, 0, 625.6459654768252;
 0, 323.9261344246348, 600.8335323860373;
 0, 0, 1]
畸变系数：
[-0.0354026, 0.0111317, -0.0095267, 0.00223727]
第1幅图像的旋转向量：
[-3.0422, 0.388726, -0.01187]
第1幅图像的旋转矩阵：
[0.9678854936379518, -0.2508079997052572, 0.01711778283148193;
 -0.2513851466882973, -0.9651318222246639, 0.07297995446561421;
 -0.001783039461507235, -0.07493939560169678, -0.9971864959761194]
第1幅图像的平移向量：
[-36.2316, 84.0348, 169.612]
第2幅图像的旋转向量：
[2.4438, -1.67056, 0.729431]
第2幅图像的旋转矩阵：
[0.2865662226514069, -0.8987178401335202, 0.3319428322182061;
 -0.8543644670043612, -0.396500000429996, -0.3359302117692999;
 0.4335218074741541, -0.1873339090628102, -0.8814560958774913]
第2幅图像的平移向量：
[9.70822, 174.705, 164.253]
第3幅图像的旋转向量：
[2.69167, -1.26084, -0.376226]
第3幅图像的旋转矩阵：
[0.6162983069495814, -0.7339498737885485, -0.2854715040364872;
 -0.7703728442759831, -0.6370970971139922, -0.02515888811248265;
 -0.1634077037755946, 0.2354248746727884, -0.9580569141403289]
第3幅图像的平移向量：
[122.601, 184.112, 123.142]
第4幅图像的旋转向量：
[-2.93197, 0.18153, -0.803726]
第4幅图像的旋转矩阵：
[0.853943295253538, -0.08919215278172293, 0.5126652010559036;
 -0.1398071377295748, -0.9883021052824329, 0.06093367651943057;
 0.5012332917229181, -0.1237081588920986, -0.8564236560792418]
第4幅图像的平移向量：
[-114.248, 30.52, 149.242]
第5幅图像的旋转向量：
[2.83552, -1.05407, -0.353097]
第5幅图像的旋转矩阵：
[0.7341709265731921, -0.6318420114292386, -0.2485331429964915;
 -0.654055626062778, -0.7563913703717702, -0.009128682420974019;
 -0.1822204395513524, 0.1692565136713191, -0.9685803755959247]
第5幅图像的平移向量：
[99.7756, 186.63, 139.24]
第6幅图像的旋转向量：
[-2.75998, -1.00262, -0.609814]
第6幅图像的旋转矩阵：
[0.6953403644838071, 0.6410629437018263, 0.3248693271638236;
 0.5833131897074169, -0.7674746647449681, 0.2659480432113723;
 0.4198184134038017, 0.004576154165681412, -0.9075965836097922]
第6幅图像的平移向量：
[-155.68, -53.6992, 153.95]
第7幅图像的旋转向量：
[-2.83916, -0.887168, -0.735473]
第7幅图像的旋转矩阵：
[0.7175374519427816, 0.5543279596612618, 0.421735128009563;
 0.5171734217216084, -0.8295915559368772, 0.210498223705081;
 0.4665529518974489, 0.06706984013708077, -0.8819466988541672]
第7幅图像的平移向量：
[-122.829, -60.047, 93.49]
第8幅图像的旋转向量：
[-2.94967, 0.176343, -0.583644]
第8幅图像的旋转矩阵：
[0.9183935586239113, -0.08915231307610419, 0.3854933677137504;
 -0.1392239220139828, -0.9847915521673023, 0.1039341056581517;
 0.3703646460141044, -0.1491223117212703, -0.9168383527807676]
第8幅图像的平移向量：
[-65.1439, 66.0063, 93.7896]
第9幅图像的旋转向量：
[-2.7975, 0.883151, 0.166021]
第9幅图像的旋转矩阵：
[0.8148605551399958, -0.5778451435234878, -0.04579591448216366;
 -0.5550284771056736, -0.8005843878390063, 0.2258495684082668;
 -0.1671695704328232, -0.1586178680185918, -0.9730851487236572]
第9幅图像的平移向量：
[-31.1573, 4.36786, 135.008]
第10幅图像的旋转向量：
[-2.98158, 0.0860842, -0.701209]
第10幅图像的旋转矩阵：
[0.8938413064772525, -0.03688373688339867, 0.4468638593448291;
 -0.07230123155322296, -0.9954252165320395, 0.06245934844384324;
 0.4425158197747582, -0.08813755298202011, -0.8924189156463546]
第10幅图像的平移向量：
[-85.8188, 61.4586, 69.6201]
第11幅图像的旋转向量：
[-3.00412, 0.23969, 0.158766]
第11幅图像的旋转矩阵：
[0.9819175722646069, -0.1640148723181828, -0.09453572307033106;
 -0.1510279980428387, -0.9797853042070075, 0.1311918498503403;
 -0.1141421266892835, -0.1145420417071047, -0.9868392450629512]
第11幅图像的平移向量：
[-15.4488, 33.2107, 127.506]
第12幅图像的旋转向量：
[-2.86432, 0.432926, -0.547313]
第12幅图像的旋转矩阵：
[0.8889849408172459, -0.2469912020573875, 0.3856178433454624;
 -0.3183871695727562, -0.9386117661341665, 0.1328064860085895;
 0.3291434113750537, -0.2408387397840045, -0.9130505550995764]
第12幅图像的平移向量：
[-67.9931, 122.97, 113.483]
第13幅图像的旋转向量：
[-2.91225, -0.525068, -0.662203]
第13幅图像的旋转矩阵：
[0.8451223044573615, 0.3553933859007264, 0.3993292272883317;
 0.3077963976935836, -0.934258685133837, 0.1800613418223;
 0.4370694087619632, -0.02926175849143611, -0.8989516568839822]
第13幅图像的平移向量：
[-94.3535, 9.83668, 66.3259]
第14幅图像的旋转向量：
[-2.18012, -1.94164, -0.405006]
第14幅图像的旋转矩阵：
[0.1027874529044084, 0.9919306005283037, 0.07421875275819825;
 0.9388840119048667, -0.1213923370408896, 0.3221190970699703;
 0.3285293772478283, 0.0365729988285024, -0.9437853908817642]
第14幅图像的平移向量：
[-54.7829, -82.9538, 215.484]

